Input file: ./Instances/rudy/rudy_150/ro_1/pw05_150.0

Graph has 150 vertices and 5588 edges.
Parameters:
              sigma0 = 1.000000
          scaleSigma = 1.001000
        ADMM_itermax = 2000
                tol0 = 0.050000
            scaleTol = 0.600000
              minTol = 0.001000
          triag_iter = 3
           pent_iter = 3
           hept_iter = 3
      max_outer_iter = 12
          extra_iter = 5
    violated_TriIneq = 0.001000
             TriIneq = 1500
      adjust_TriIneq = 1
            PentIneq = 5000
           HeptaIneq = 5000
         Pent_Trials = 60
        Hepta_Trials = 50
        include_Pent = 1
       include_Hepta = 1
                root = 0
            use_diff = 1
   branchingStrategy = 1

Nodes = 66941
Root node bound = 18083.50
Maximum value = 17852
Solution = ( 1 2 3 7 8 9 10 11 12 13 18 19 21 22 24 25 29 32 34 37 38 41 43 45 48 51 52 59 61 63 64 65 67 69 70 73 74 76 78 79 83 87 89 90 91 92 93 94 95 96 97 98 100 101 102 104 106 112 115 118 119 120 123 127 128 131 132 135 136 137 138 140 141 143 146 148 149 )
Time = 576.37 s

Number of cores: 240
Maximum number of workers used: 239
