Input file: ./Instances/rudy/rudy_150/ro_1/pw05_150.1

Graph has 150 vertices and 5588 edges.
Parameters:
              sigma0 = 1.000000
          scaleSigma = 1.001000
        ADMM_itermax = 2000
                tol0 = 0.050000
            scaleTol = 0.600000
              minTol = 0.001000
          triag_iter = 3
           pent_iter = 3
           hept_iter = 3
      max_outer_iter = 12
          extra_iter = 5
    violated_TriIneq = 0.001000
             TriIneq = 1500
      adjust_TriIneq = 1
            PentIneq = 5000
           HeptaIneq = 5000
         Pent_Trials = 60
        Hepta_Trials = 50
        include_Pent = 1
       include_Hepta = 1
                root = 0
            use_diff = 1
   branchingStrategy = 1

Nodes = 37601
Root node bound = 17982.16
Maximum value = 17780
Solution = ( 1 3 4 5 6 7 9 10 11 13 15 17 20 21 23 28 30 31 32 35 36 38 39 40 44 46 47 48 51 58 59 60 62 63 66 67 69 72 73 74 76 77 79 84 87 89 90 92 96 102 104 106 109 111 112 113 115 116 118 123 124 127 130 131 133 134 136 138 139 140 141 142 143 144 147 149 )
Time = 219.07 s

Number of cores: 240
Maximum number of workers used: 239
