Input file: ./Instances/rudy/rudy_150/ro_1/pw05_150.6

Graph has 150 vertices and 5588 edges.
Parameters:
              sigma0 = 1.000000
          scaleSigma = 1.001000
        ADMM_itermax = 2000
                tol0 = 0.050000
            scaleTol = 0.600000
              minTol = 0.001000
          triag_iter = 3
           pent_iter = 3
           hept_iter = 3
      max_outer_iter = 12
          extra_iter = 5
    violated_TriIneq = 0.001000
             TriIneq = 1500
      adjust_TriIneq = 1
            PentIneq = 5000
           HeptaIneq = 5000
         Pent_Trials = 60
        Hepta_Trials = 50
        include_Pent = 1
       include_Hepta = 1
                root = 0
            use_diff = 1
   branchingStrategy = 1

Nodes = 46913
Root node bound = 18331.53
Maximum value = 18123
Solution = ( 2 3 5 7 8 13 20 21 22 23 24 27 32 33 34 37 41 44 48 51 54 55 56 57 58 59 62 63 65 68 69 75 76 79 81 82 83 88 89 91 93 97 101 102 104 105 106 108 109 110 112 114 116 118 120 121 122 123 124 126 127 128 129 130 131 133 134 136 137 141 144 147 148 149 )
Time = 256.60 s

Number of cores: 240
Maximum number of workers used: 239
