Input file: ./Instances/rudy/rudy_150/ro_1/pw05_150.9

Graph has 150 vertices and 5588 edges.
Parameters:
              sigma0 = 1.000000
          scaleSigma = 1.001000
        ADMM_itermax = 2000
                tol0 = 0.050000
            scaleTol = 0.600000
              minTol = 0.001000
          triag_iter = 3
           pent_iter = 3
           hept_iter = 3
      max_outer_iter = 12
          extra_iter = 5
    violated_TriIneq = 0.001000
             TriIneq = 1500
      adjust_TriIneq = 1
            PentIneq = 5000
           HeptaIneq = 5000
         Pent_Trials = 60
        Hepta_Trials = 50
        include_Pent = 1
       include_Hepta = 1
                root = 0
            use_diff = 1
   branchingStrategy = 1

Nodes = 4015
Root node bound = 17889.32
Maximum value = 17735
Solution = ( 2 3 4 6 7 8 10 12 14 15 16 19 21 23 24 25 26 27 28 29 33 34 35 37 41 42 44 45 46 47 48 54 55 56 61 64 66 67 68 69 71 73 74 77 78 81 82 83 84 85 86 88 89 90 91 95 96 100 102 104 105 106 115 119 123 126 127 134 139 141 142 144 145 146 147 )
Time = 76.39 s

Number of cores: 240
Maximum number of workers used: 239
