Input file: ./Instances/rudy/rudy_150/ro_1/pw05_150.7

Graph has 150 vertices and 5588 edges.
Parameters:
              sigma0 = 1.000000
          scaleSigma = 1.001000
        ADMM_itermax = 2000
                tol0 = 0.050000
            scaleTol = 0.600000
              minTol = 0.001000
          triag_iter = 3
           pent_iter = 3
           hept_iter = 3
      max_outer_iter = 12
          extra_iter = 5
    violated_TriIneq = 0.001000
             TriIneq = 1500
      adjust_TriIneq = 1
            PentIneq = 5000
           HeptaIneq = 5000
         Pent_Trials = 60
        Hepta_Trials = 50
        include_Pent = 1
       include_Hepta = 1
                root = 0
            use_diff = 1
   branchingStrategy = 1

Nodes = 194037
Root node bound = 18060.49
Maximum value = 17828
Solution = ( 1 11 12 13 17 19 21 22 25 26 28 29 32 34 35 36 38 40 41 42 43 45 47 50 53 54 56 58 59 61 62 66 67 73 77 80 81 84 85 86 89 90 92 96 98 99 100 102 103 104 105 107 109 111 112 114 115 121 122 123 124 125 126 127 128 130 131 133 134 136 137 144 146 147 149 )
Time = 832.00 s

Number of cores: 240
Maximum number of workers used: 239
