Input file: ./Instances/rudy/rudy_150/ro_1/pw05_150.5

Graph has 150 vertices and 5588 edges.
Parameters:
              sigma0 = 1.000000
          scaleSigma = 1.001000
        ADMM_itermax = 2000
                tol0 = 0.050000
            scaleTol = 0.600000
              minTol = 0.001000
          triag_iter = 3
           pent_iter = 3
           hept_iter = 3
      max_outer_iter = 12
          extra_iter = 5
    violated_TriIneq = 0.001000
             TriIneq = 1500
      adjust_TriIneq = 1
            PentIneq = 5000
           HeptaIneq = 5000
         Pent_Trials = 60
        Hepta_Trials = 50
        include_Pent = 1
       include_Hepta = 1
                root = 0
            use_diff = 1
   branchingStrategy = 1

Nodes = 208637
Root node bound = 18117.39
Maximum value = 17867
Solution = ( 2 3 4 5 8 11 18 20 21 24 25 26 30 31 32 37 39 40 41 42 43 45 46 48 49 50 54 55 66 67 69 70 71 72 74 75 77 81 84 87 88 89 90 93 94 95 97 98 99 101 103 105 106 109 110 111 112 114 115 117 122 123 124 128 130 132 133 139 140 141 142 143 147 149 )
Time = 1132.11 s

Number of cores: 240
Maximum number of workers used: 239
