Input file: ./Instances/rudy/rudy_150/ro_1/pw05_150.8

Graph has 150 vertices and 5588 edges.
Parameters:
              sigma0 = 1.000000
          scaleSigma = 1.001000
        ADMM_itermax = 2000
                tol0 = 0.050000
            scaleTol = 0.600000
              minTol = 0.001000
          triag_iter = 3
           pent_iter = 3
           hept_iter = 3
      max_outer_iter = 12
          extra_iter = 5
    violated_TriIneq = 0.001000
             TriIneq = 1500
      adjust_TriIneq = 1
            PentIneq = 5000
           HeptaIneq = 5000
         Pent_Trials = 60
        Hepta_Trials = 50
        include_Pent = 1
       include_Hepta = 1
                root = 0
            use_diff = 1
   branchingStrategy = 1

Nodes = 2237
Root node bound = 17892.65
Maximum value = 17758
Solution = ( 1 2 3 5 6 7 8 9 10 11 12 15 21 25 27 28 29 32 33 35 36 38 39 43 44 50 51 52 54 60 62 63 64 65 66 67 69 72 73 78 81 83 84 87 89 90 92 95 96 97 98 99 100 103 105 107 108 109 110 111 112 114 115 118 119 121 123 126 127 128 131 137 138 145 148 )
Time = 59.55 s

Number of cores: 240
Maximum number of workers used: 239
