Input file: ./Instances/rudy/rudy_150/ro_1/pw09_150.2

Graph has 150 vertices and 10058 edges.
Parameters:
              sigma0 = 1.000000
          scaleSigma = 1.001000
        ADMM_itermax = 2000
                tol0 = 0.050000
            scaleTol = 0.600000
              minTol = 0.001000
          triag_iter = 3
           pent_iter = 3
           hept_iter = 3
      max_outer_iter = 12
          extra_iter = 5
    violated_TriIneq = 0.001000
             TriIneq = 1500
      adjust_TriIneq = 1
            PentIneq = 5000
           HeptaIneq = 5000
         Pent_Trials = 60
        Hepta_Trials = 50
        include_Pent = 1
       include_Hepta = 1
                root = 0
            use_diff = 1
   branchingStrategy = 1

Nodes = 50633
Root node bound = 30119.93
Maximum value = 29914
Solution = ( 1 2 3 4 5 9 14 17 18 19 20 21 22 23 24 25 27 29 31 33 36 39 40 41 42 44 46 47 48 50 53 55 57 59 61 62 63 66 67 68 71 72 73 74 77 82 84 85 86 87 88 89 90 94 98 99 104 109 112 114 121 125 129 130 131 135 137 140 141 143 144 145 146 147 148 )
Time = 421.09 s

Number of cores: 240
Maximum number of workers used: 239
