Input file: ./Instances/rudy/rudy_150/ro_1/pw09_150.4

Graph has 150 vertices and 10058 edges.
Parameters:
              sigma0 = 1.000000
          scaleSigma = 1.001000
        ADMM_itermax = 2000
                tol0 = 0.050000
            scaleTol = 0.600000
              minTol = 0.001000
          triag_iter = 3
           pent_iter = 3
           hept_iter = 3
      max_outer_iter = 12
          extra_iter = 5
    violated_TriIneq = 0.001000
             TriIneq = 1500
      adjust_TriIneq = 1
            PentIneq = 5000
           HeptaIneq = 5000
         Pent_Trials = 60
        Hepta_Trials = 50
        include_Pent = 1
       include_Hepta = 1
                root = 0
            use_diff = 1
   branchingStrategy = 1

Nodes = 37705
Root node bound = 30174.58
Maximum value = 29975
Solution = ( 2 4 5 8 9 12 15 17 18 20 22 25 27 28 29 30 32 33 38 39 43 44 46 48 49 51 52 55 56 58 60 61 62 64 65 68 69 70 75 78 81 82 83 87 88 89 92 94 96 97 98 99 102 103 105 107 110 112 118 119 120 122 124 127 128 131 132 134 136 138 140 141 143 144 146 )
Time = 219.28 s

Number of cores: 240
Maximum number of workers used: 239
