Input file: ./Instances/rudy/rudy_150/ro_1/pw09_150.5

Graph has 150 vertices and 10058 edges.
Parameters:
              sigma0 = 1.000000
          scaleSigma = 1.001000
        ADMM_itermax = 2000
                tol0 = 0.050000
            scaleTol = 0.600000
              minTol = 0.001000
          triag_iter = 3
           pent_iter = 3
           hept_iter = 3
      max_outer_iter = 12
          extra_iter = 5
    violated_TriIneq = 0.001000
             TriIneq = 1500
      adjust_TriIneq = 1
            PentIneq = 5000
           HeptaIneq = 5000
         Pent_Trials = 60
        Hepta_Trials = 50
        include_Pent = 1
       include_Hepta = 1
                root = 0
            use_diff = 1
   branchingStrategy = 1

Nodes = 1683
Root node bound = 30423.41
Maximum value = 30301
Solution = ( 2 5 8 9 11 12 13 14 18 22 24 25 28 33 36 37 39 41 42 43 44 45 47 48 52 53 54 56 58 59 63 67 68 69 70 71 72 73 76 77 80 83 86 87 88 89 90 92 93 95 96 98 99 101 102 108 111 114 115 116 117 118 119 122 123 127 128 129 134 135 137 138 139 141 148 )
Time = 53.21 s

Number of cores: 240
Maximum number of workers used: 239
