Input file: ./Instances/rudy/rudy_150/ro_1/pw09_150.6

Graph has 150 vertices and 10058 edges.
Parameters:
              sigma0 = 1.000000
          scaleSigma = 1.001000
        ADMM_itermax = 2000
                tol0 = 0.050000
            scaleTol = 0.600000
              minTol = 0.001000
          triag_iter = 3
           pent_iter = 3
           hept_iter = 3
      max_outer_iter = 12
          extra_iter = 5
    violated_TriIneq = 0.001000
             TriIneq = 1500
      adjust_TriIneq = 1
            PentIneq = 5000
           HeptaIneq = 5000
         Pent_Trials = 60
        Hepta_Trials = 50
        include_Pent = 1
       include_Hepta = 1
                root = 0
            use_diff = 1
   branchingStrategy = 1

Nodes = 13057
Root node bound = 30465.31
Maximum value = 30280
Solution = ( 1 3 5 6 8 9 12 15 17 18 21 23 24 25 28 31 33 36 38 39 41 42 43 45 47 62 63 65 67 68 70 71 72 74 75 76 79 80 81 85 86 89 90 92 95 97 99 100 101 102 106 107 111 114 115 117 118 120 121 123 124 125 126 133 135 137 138 139 140 142 143 145 146 147 148 )
Time = 169.08 s

Number of cores: 240
Maximum number of workers used: 239
