Input file: ./Instances/rudy/rudy_150/ro_1/pw09_150.3

Graph has 150 vertices and 10058 edges.
Parameters:
              sigma0 = 1.000000
          scaleSigma = 1.001000
        ADMM_itermax = 2000
                tol0 = 0.050000
            scaleTol = 0.600000
              minTol = 0.001000
          triag_iter = 3
           pent_iter = 3
           hept_iter = 3
      max_outer_iter = 12
          extra_iter = 5
    violated_TriIneq = 0.001000
             TriIneq = 1500
      adjust_TriIneq = 1
            PentIneq = 5000
           HeptaIneq = 5000
         Pent_Trials = 60
        Hepta_Trials = 50
        include_Pent = 1
       include_Hepta = 1
                root = 0
            use_diff = 1
   branchingStrategy = 1

Nodes = 2525
Root node bound = 30206.35
Maximum value = 30059
Solution = ( 1 2 3 5 6 9 15 18 21 22 23 25 26 27 33 34 35 36 37 39 40 41 45 46 47 48 50 51 52 54 55 56 57 58 61 65 71 72 74 78 80 81 83 85 86 89 92 93 95 96 97 102 103 109 113 115 116 117 119 120 122 123 124 126 128 134 135 137 138 140 142 145 146 148 149 )
Time = 123.95 s

Number of cores: 240
Maximum number of workers used: 239
