Input file: ./Instances/rudy/rudy_150/ro_1/pw09_150.8

Graph has 150 vertices and 10058 edges.
Parameters:
              sigma0 = 1.000000
          scaleSigma = 1.001000
        ADMM_itermax = 2000
                tol0 = 0.050000
            scaleTol = 0.600000
              minTol = 0.001000
          triag_iter = 3
           pent_iter = 3
           hept_iter = 3
      max_outer_iter = 12
          extra_iter = 5
    violated_TriIneq = 0.001000
             TriIneq = 1500
      adjust_TriIneq = 1
            PentIneq = 5000
           HeptaIneq = 5000
         Pent_Trials = 60
        Hepta_Trials = 50
        include_Pent = 1
       include_Hepta = 1
                root = 0
            use_diff = 1
   branchingStrategy = 1

Nodes = 36441
Root node bound = 30154.95
Maximum value = 29954
Solution = ( 3 4 6 8 11 12 14 15 16 24 26 27 28 30 31 34 35 36 37 38 39 41 43 46 48 51 52 54 57 59 60 62 65 67 68 69 71 72 75 76 77 78 80 81 84 86 87 88 91 92 94 96 99 100 101 103 105 106 107 108 109 112 113 116 119 124 126 127 129 131 132 141 142 144 145 )
Time = 484.72 s

Number of cores: 240
Maximum number of workers used: 239
