Input file: ./Instances/rudy/rudy_150/ro_1/pw09_150.9

Graph has 150 vertices and 10058 edges.
Parameters:
              sigma0 = 1.000000
          scaleSigma = 1.001000
        ADMM_itermax = 2000
                tol0 = 0.050000
            scaleTol = 0.600000
              minTol = 0.001000
          triag_iter = 3
           pent_iter = 3
           hept_iter = 3
      max_outer_iter = 12
          extra_iter = 5
    violated_TriIneq = 0.001000
             TriIneq = 1500
      adjust_TriIneq = 1
            PentIneq = 5000
           HeptaIneq = 5000
         Pent_Trials = 60
        Hepta_Trials = 50
        include_Pent = 1
       include_Hepta = 1
                root = 0
            use_diff = 1
   branchingStrategy = 1

Nodes = 28735
Root node bound = 30063.51
Maximum value = 29878
Solution = ( 1 2 3 6 7 10 11 15 16 17 18 20 21 25 26 31 32 34 36 37 38 40 41 44 46 47 49 53 56 57 58 59 63 64 67 68 69 73 74 79 80 87 88 89 90 93 94 96 98 99 101 103 107 108 114 115 118 120 123 125 127 128 129 130 132 135 138 140 141 142 143 144 145 146 148 )
Time = 175.33 s

Number of cores: 240
Maximum number of workers used: 239
