Input file: ./Instances/rudy/rudy_150/ro_1/pw09_150.1

Graph has 150 vertices and 10058 edges.
Parameters:
              sigma0 = 1.000000
          scaleSigma = 1.001000
        ADMM_itermax = 2000
                tol0 = 0.050000
            scaleTol = 0.600000
              minTol = 0.001000
          triag_iter = 3
           pent_iter = 3
           hept_iter = 3
      max_outer_iter = 12
          extra_iter = 5
    violated_TriIneq = 0.001000
             TriIneq = 1500
      adjust_TriIneq = 1
            PentIneq = 5000
           HeptaIneq = 5000
         Pent_Trials = 60
        Hepta_Trials = 50
        include_Pent = 1
       include_Hepta = 1
                root = 0
            use_diff = 1
   branchingStrategy = 1

Nodes = 13803
Root node bound = 30180.57
Maximum value = 30003
Solution = ( 3 5 8 9 12 15 16 18 19 21 22 23 24 30 32 35 37 38 39 42 45 46 48 50 52 55 60 64 65 67 68 69 71 73 74 75 79 80 81 87 89 90 91 93 96 97 98 99 103 104 105 107 108 110 113 115 116 118 120 122 123 125 129 130 133 135 136 137 138 140 142 143 144 145 146 )
Time = 153.99 s

Number of cores: 240
Maximum number of workers used: 239
