Input file: ./Instances/rudy/rudy_150/ro_1/pw09_150.7

Graph has 150 vertices and 10058 edges.
Parameters:
              sigma0 = 1.000000
          scaleSigma = 1.001000
        ADMM_itermax = 2000
                tol0 = 0.050000
            scaleTol = 0.600000
              minTol = 0.001000
          triag_iter = 3
           pent_iter = 3
           hept_iter = 3
      max_outer_iter = 12
          extra_iter = 5
    violated_TriIneq = 0.001000
             TriIneq = 1500
      adjust_TriIneq = 1
            PentIneq = 5000
           HeptaIneq = 5000
         Pent_Trials = 60
        Hepta_Trials = 50
        include_Pent = 1
       include_Hepta = 1
                root = 0
            use_diff = 1
   branchingStrategy = 1

Nodes = 88341
Root node bound = 30425.45
Maximum value = 30211
Solution = ( 3 5 6 8 11 12 15 17 18 19 21 23 24 25 27 32 33 36 39 41 42 43 45 46 48 49 51 52 53 54 56 57 60 61 63 65 66 67 68 69 70 71 73 75 76 77 78 80 84 85 87 88 90 91 96 97 99 107 109 115 116 120 121 122 123 124 127 128 134 136 139 140 145 146 149 )
Time = 525.75 s

Number of cores: 240
Maximum number of workers used: 239
