Input file: ./Instances/rudy/rudy_150/ro_1/w05_150.1

Graph has 150 vertices and 5588 edges.
Parameters:
              sigma0 = 1.000000
          scaleSigma = 1.001000
        ADMM_itermax = 2000
                tol0 = 0.050000
            scaleTol = 0.600000
              minTol = 0.001000
          triag_iter = 3
           pent_iter = 3
           hept_iter = 3
      max_outer_iter = 12
          extra_iter = 5
    violated_TriIneq = 0.001000
             TriIneq = 1500
      adjust_TriIneq = 1
            PentIneq = 5000
           HeptaIneq = 5000
         Pent_Trials = 60
        Hepta_Trials = 50
        include_Pent = 1
       include_Hepta = 1
                root = 0
            use_diff = 1
   branchingStrategy = 1

Nodes = 19827
Root node bound = 3262.67
Maximum value = 3032
Solution = ( 1 2 4 5 6 9 10 12 13 14 16 17 18 26 35 37 38 40 44 45 46 47 48 49 52 56 57 60 61 62 63 64 65 66 72 73 77 79 80 82 86 87 89 95 98 100 103 107 108 110 111 113 115 124 127 129 133 134 135 136 137 138 139 140 143 146 )
Time = 135.74 s

Number of cores: 240
Maximum number of workers used: 239
