Input file: ./Instances/rudy/rudy_150/ro_1/w05_150.4

Graph has 150 vertices and 5588 edges.
Parameters:
              sigma0 = 1.000000
          scaleSigma = 1.001000
        ADMM_itermax = 2000
                tol0 = 0.050000
            scaleTol = 0.600000
              minTol = 0.001000
          triag_iter = 3
           pent_iter = 3
           hept_iter = 3
      max_outer_iter = 12
          extra_iter = 5
    violated_TriIneq = 0.001000
             TriIneq = 1500
      adjust_TriIneq = 1
            PentIneq = 5000
           HeptaIneq = 5000
         Pent_Trials = 60
        Hepta_Trials = 50
        include_Pent = 1
       include_Hepta = 1
                root = 0
            use_diff = 1
   branchingStrategy = 1

Nodes = 331
Root node bound = 2941.68
Maximum value = 2815
Solution = ( 2 4 5 8 10 11 12 13 14 17 19 20 21 24 26 27 29 30 31 32 35 36 38 40 41 44 46 47 48 50 51 53 54 55 57 58 59 60 64 66 67 69 70 71 74 75 77 80 81 82 85 86 88 91 93 94 96 97 98 99 100 101 104 106 107 110 111 117 118 119 120 121 124 126 127 130 133 135 136 140 142 146 147 148 149 )
Time = 23.15 s

Number of cores: 240
Maximum number of workers used: 154
