Input file: ./Instances/rudy/rudy_150/ro_1/w05_150.3

Graph has 150 vertices and 5588 edges.
Parameters:
              sigma0 = 1.000000
          scaleSigma = 1.001000
        ADMM_itermax = 2000
                tol0 = 0.050000
            scaleTol = 0.600000
              minTol = 0.001000
          triag_iter = 3
           pent_iter = 3
           hept_iter = 3
      max_outer_iter = 12
          extra_iter = 5
    violated_TriIneq = 0.001000
             TriIneq = 1500
      adjust_TriIneq = 1
            PentIneq = 5000
           HeptaIneq = 5000
         Pent_Trials = 60
        Hepta_Trials = 50
        include_Pent = 1
       include_Hepta = 1
                root = 0
            use_diff = 1
   branchingStrategy = 1

Nodes = 11309
Root node bound = 2983.94
Maximum value = 2742
Solution = ( 2 3 4 7 9 12 17 18 20 21 25 28 32 33 34 36 37 38 39 44 45 47 48 49 54 55 59 61 64 65 66 67 68 69 71 72 73 76 77 79 81 82 83 87 91 92 94 100 103 105 106 107 108 111 114 119 122 123 126 127 128 132 133 135 137 141 142 145 146 147 149 )
Time = 166.21 s

Number of cores: 240
Maximum number of workers used: 239
