Input file: ./Instances/rudy/rudy_150/ro_1/w05_150.9

Graph has 150 vertices and 5588 edges.
Parameters:
              sigma0 = 1.000000
          scaleSigma = 1.001000
        ADMM_itermax = 2000
                tol0 = 0.050000
            scaleTol = 0.600000
              minTol = 0.001000
          triag_iter = 3
           pent_iter = 3
           hept_iter = 3
      max_outer_iter = 12
          extra_iter = 5
    violated_TriIneq = 0.001000
             TriIneq = 1500
      adjust_TriIneq = 1
            PentIneq = 5000
           HeptaIneq = 5000
         Pent_Trials = 60
        Hepta_Trials = 50
        include_Pent = 1
       include_Hepta = 1
                root = 0
            use_diff = 1
   branchingStrategy = 1

Nodes = 20115
Root node bound = 2962.25
Maximum value = 2725
Solution = ( 1 2 6 8 10 12 13 14 17 18 20 21 22 24 25 26 30 31 34 35 36 37 38 39 42 43 44 45 46 47 48 49 51 54 56 57 58 59 62 63 65 67 68 70 71 72 73 74 75 79 81 84 90 91 92 94 95 97 98 99 103 104 106 108 109 110 112 113 116 118 120 122 123 124 125 127 129 135 136 137 138 141 142 143 145 148 )
Time = 143.82 s

Number of cores: 240
Maximum number of workers used: 239
