Input file: ./Instances/rudy/rudy_150/ro_1/w05_150.2

Graph has 150 vertices and 5588 edges.
Parameters:
              sigma0 = 1.000000
          scaleSigma = 1.001000
        ADMM_itermax = 2000
                tol0 = 0.050000
            scaleTol = 0.600000
              minTol = 0.001000
          triag_iter = 3
           pent_iter = 3
           hept_iter = 3
      max_outer_iter = 12
          extra_iter = 5
    violated_TriIneq = 0.001000
             TriIneq = 1500
      adjust_TriIneq = 1
            PentIneq = 5000
           HeptaIneq = 5000
         Pent_Trials = 60
        Hepta_Trials = 50
        include_Pent = 1
       include_Hepta = 1
                root = 0
            use_diff = 1
   branchingStrategy = 1

Nodes = 7139
Root node bound = 3114.54
Maximum value = 2900
Solution = ( 2 4 5 7 10 12 13 16 17 19 24 31 33 35 40 41 42 43 44 45 47 51 52 57 60 64 67 68 69 71 73 76 77 82 83 86 87 88 90 92 93 94 95 97 99 101 106 109 112 113 115 117 118 128 129 130 133 134 135 137 138 139 140 142 145 146 )
Time = 70.88 s

Number of cores: 240
Maximum number of workers used: 239
