Input file: ./Instances/rudy/rudy_150/ro_1/w05_150.7

Graph has 150 vertices and 5588 edges.
Parameters:
              sigma0 = 1.000000
          scaleSigma = 1.001000
        ADMM_itermax = 2000
                tol0 = 0.050000
            scaleTol = 0.600000
              minTol = 0.001000
          triag_iter = 3
           pent_iter = 3
           hept_iter = 3
      max_outer_iter = 12
          extra_iter = 5
    violated_TriIneq = 0.001000
             TriIneq = 1500
      adjust_TriIneq = 1
            PentIneq = 5000
           HeptaIneq = 5000
         Pent_Trials = 60
        Hepta_Trials = 50
        include_Pent = 1
       include_Hepta = 1
                root = 0
            use_diff = 1
   branchingStrategy = 1

Nodes = 37435
Root node bound = 2856.23
Maximum value = 2608
Solution = ( 4 6 7 8 10 16 17 22 24 25 29 32 35 36 37 40 41 42 46 47 50 51 54 55 57 60 61 62 65 66 70 73 76 79 80 82 85 87 88 91 94 99 103 104 106 107 108 109 111 112 115 117 118 119 120 122 124 126 128 129 130 132 133 134 135 136 140 145 146 147 148 )
Time = 202.49 s

Number of cores: 240
Maximum number of workers used: 239
