Input file: ./Instances/rudy/rudy_150/ro_1/w05_150.0

Graph has 150 vertices and 5588 edges.
Parameters:
              sigma0 = 1.000000
          scaleSigma = 1.001000
        ADMM_itermax = 2000
                tol0 = 0.050000
            scaleTol = 0.600000
              minTol = 0.001000
          triag_iter = 3
           pent_iter = 3
           hept_iter = 3
      max_outer_iter = 12
          extra_iter = 5
    violated_TriIneq = 0.001000
             TriIneq = 1500
      adjust_TriIneq = 1
            PentIneq = 5000
           HeptaIneq = 5000
         Pent_Trials = 60
        Hepta_Trials = 50
        include_Pent = 1
       include_Hepta = 1
                root = 0
            use_diff = 1
   branchingStrategy = 1

Nodes = 23827
Root node bound = 3268.29
Maximum value = 3008
Solution = ( 2 3 7 11 12 14 16 17 21 23 24 25 26 27 31 32 33 36 40 43 44 45 46 47 48 57 59 62 63 64 66 67 68 69 70 71 73 75 76 78 81 83 84 86 87 88 90 91 92 93 95 96 99 102 104 106 107 108 110 112 115 117 118 119 120 124 127 128 129 131 132 135 139 141 143 145 147 149 )
Time = 252.95 s

Number of cores: 240
Maximum number of workers used: 239
