Input file: ./Instances/rudy/rudy_150/ro_1/w05_150.6

Graph has 150 vertices and 5588 edges.
Parameters:
              sigma0 = 1.000000
          scaleSigma = 1.001000
        ADMM_itermax = 2000
                tol0 = 0.050000
            scaleTol = 0.600000
              minTol = 0.001000
          triag_iter = 3
           pent_iter = 3
           hept_iter = 3
      max_outer_iter = 12
          extra_iter = 5
    violated_TriIneq = 0.001000
             TriIneq = 1500
      adjust_TriIneq = 1
            PentIneq = 5000
           HeptaIneq = 5000
         Pent_Trials = 60
        Hepta_Trials = 50
        include_Pent = 1
       include_Hepta = 1
                root = 0
            use_diff = 1
   branchingStrategy = 1

Nodes = 13551
Root node bound = 3054.84
Maximum value = 2835
Solution = ( 2 3 4 5 6 7 8 9 11 13 17 21 24 28 29 30 34 36 38 39 40 41 42 43 44 45 47 48 49 50 53 54 56 58 60 61 64 67 71 72 73 74 76 77 81 83 84 87 88 89 92 95 96 100 101 102 103 107 111 112 121 122 123 124 125 126 128 129 130 132 134 135 136 137 138 141 142 143 145 146 )
Time = 156.73 s

Number of cores: 240
Maximum number of workers used: 239
