Input file: ./Instances/rudy/rudy_150/ro_1/w05_150.8

Graph has 150 vertices and 5588 edges.
Parameters:
              sigma0 = 1.000000
          scaleSigma = 1.001000
        ADMM_itermax = 2000
                tol0 = 0.050000
            scaleTol = 0.600000
              minTol = 0.001000
          triag_iter = 3
           pent_iter = 3
           hept_iter = 3
      max_outer_iter = 12
          extra_iter = 5
    violated_TriIneq = 0.001000
             TriIneq = 1500
      adjust_TriIneq = 1
            PentIneq = 5000
           HeptaIneq = 5000
         Pent_Trials = 60
        Hepta_Trials = 50
        include_Pent = 1
       include_Hepta = 1
                root = 0
            use_diff = 1
   branchingStrategy = 1

Nodes = 6229
Root node bound = 2987.91
Maximum value = 2781
Solution = ( 2 4 6 12 13 14 15 17 20 21 22 23 25 29 30 31 32 36 37 38 40 41 42 47 48 49 50 51 57 59 60 64 67 69 74 75 79 81 82 84 85 87 92 94 96 100 101 105 106 107 115 117 118 120 121 124 125 129 133 134 137 139 140 143 144 145 146 148 )
Time = 108.79 s

Number of cores: 240
Maximum number of workers used: 239
