Input file: ./Instances/rudy/rudy_150/ro_1/w09_150.8

Graph has 150 vertices and 10058 edges.
Parameters:
              sigma0 = 1.000000
          scaleSigma = 1.001000
        ADMM_itermax = 2000
                tol0 = 0.050000
            scaleTol = 0.600000
              minTol = 0.001000
          triag_iter = 3
           pent_iter = 3
           hept_iter = 3
      max_outer_iter = 12
          extra_iter = 5
    violated_TriIneq = 0.001000
             TriIneq = 1500
      adjust_TriIneq = 1
            PentIneq = 5000
           HeptaIneq = 5000
         Pent_Trials = 60
        Hepta_Trials = 50
        include_Pent = 1
       include_Hepta = 1
                root = 0
            use_diff = 1
   branchingStrategy = 1

Nodes = 100187
Root node bound = 4344.13
Maximum value = 3976
Solution = ( 4 5 6 7 8 9 11 12 13 15 20 22 26 32 35 38 45 46 48 49 52 53 54 55 56 57 67 68 73 75 76 77 78 79 80 81 82 84 86 88 90 91 92 95 99 101 102 103 105 106 108 113 117 118 121 123 126 135 137 139 142 143 144 145 146 148 149 )
Time = 530.84 s

Number of cores: 240
Maximum number of workers used: 239
