Input file: ./Instances/rudy/rudy_150/ro_1/w09_150.1

Graph has 150 vertices and 10058 edges.
Parameters:
              sigma0 = 1.000000
          scaleSigma = 1.001000
        ADMM_itermax = 2000
                tol0 = 0.050000
            scaleTol = 0.600000
              minTol = 0.001000
          triag_iter = 3
           pent_iter = 3
           hept_iter = 3
      max_outer_iter = 12
          extra_iter = 5
    violated_TriIneq = 0.001000
             TriIneq = 1500
      adjust_TriIneq = 1
            PentIneq = 5000
           HeptaIneq = 5000
         Pent_Trials = 60
        Hepta_Trials = 50
        include_Pent = 1
       include_Hepta = 1
                root = 0
            use_diff = 1
   branchingStrategy = 1

Nodes = 101387
Root node bound = 4550.84
Maximum value = 4177
Solution = ( 2 4 9 12 13 14 16 19 22 24 26 28 29 31 32 33 38 39 41 42 43 47 51 57 58 62 65 66 67 68 69 70 71 72 74 75 76 78 79 80 83 85 86 88 91 92 93 94 95 100 102 104 107 108 110 113 118 119 120 121 122 123 126 127 128 129 130 134 135 139 141 143 147 149 )
Time = 841.06 s

Number of cores: 240
Maximum number of workers used: 239
