Input file: ./Instances/rudy/rudy_150/ro_1/w09_150.6

Graph has 150 vertices and 10058 edges.
Parameters:
              sigma0 = 1.000000
          scaleSigma = 1.001000
        ADMM_itermax = 2000
                tol0 = 0.050000
            scaleTol = 0.600000
              minTol = 0.001000
          triag_iter = 3
           pent_iter = 3
           hept_iter = 3
      max_outer_iter = 12
          extra_iter = 5
    violated_TriIneq = 0.001000
             TriIneq = 1500
      adjust_TriIneq = 1
            PentIneq = 5000
           HeptaIneq = 5000
         Pent_Trials = 60
        Hepta_Trials = 50
        include_Pent = 1
       include_Hepta = 1
                root = 0
            use_diff = 1
   branchingStrategy = 1

Nodes = 9053
Root node bound = 4167.74
Maximum value = 3889
Solution = ( 3 4 7 9 10 11 14 15 16 21 22 24 25 26 27 29 30 31 34 36 37 38 39 40 42 45 48 52 53 57 61 62 63 64 68 69 72 73 75 81 82 84 85 87 89 91 92 93 96 97 103 109 111 113 117 120 121 123 124 126 127 129 131 132 133 134 135 141 142 144 146 147 148 149 )
Time = 77.52 s

Number of cores: 240
Maximum number of workers used: 239
