Input file: ./Instances/rudy/rudy_150/ro_1/w09_150.7

Graph has 150 vertices and 10058 edges.
Parameters:
              sigma0 = 1.000000
          scaleSigma = 1.001000
        ADMM_itermax = 2000
                tol0 = 0.050000
            scaleTol = 0.600000
              minTol = 0.001000
          triag_iter = 3
           pent_iter = 3
           hept_iter = 3
      max_outer_iter = 12
          extra_iter = 5
    violated_TriIneq = 0.001000
             TriIneq = 1500
      adjust_TriIneq = 1
            PentIneq = 5000
           HeptaIneq = 5000
         Pent_Trials = 60
        Hepta_Trials = 50
        include_Pent = 1
       include_Hepta = 1
                root = 0
            use_diff = 1
   branchingStrategy = 1

Nodes = 67193
Root node bound = 3668.08
Maximum value = 3304
Solution = ( 3 4 5 6 9 10 11 14 15 16 18 23 25 29 34 35 36 40 41 42 44 46 47 48 51 52 53 55 58 60 63 65 67 68 74 75 79 81 82 83 89 92 95 97 99 104 106 107 111 113 116 121 122 124 125 126 128 129 130 131 132 135 137 138 139 143 144 145 147 148 149 )
Time = 690.53 s

Number of cores: 240
Maximum number of workers used: 239
