Input file: ./Instances/rudy/rudy_150/ro_1/w09_150.4

Graph has 150 vertices and 10058 edges.
Parameters:
              sigma0 = 1.000000
          scaleSigma = 1.001000
        ADMM_itermax = 2000
                tol0 = 0.050000
            scaleTol = 0.600000
              minTol = 0.001000
          triag_iter = 3
           pent_iter = 3
           hept_iter = 3
      max_outer_iter = 12
          extra_iter = 5
    violated_TriIneq = 0.001000
             TriIneq = 1500
      adjust_TriIneq = 1
            PentIneq = 5000
           HeptaIneq = 5000
         Pent_Trials = 60
        Hepta_Trials = 50
        include_Pent = 1
       include_Hepta = 1
                root = 0
            use_diff = 1
   branchingStrategy = 1

Nodes = 23477
Root node bound = 4165.88
Maximum value = 3831
Solution = ( 3 8 9 10 11 13 17 18 21 24 26 27 28 30 31 33 34 36 37 45 48 49 50 51 53 54 56 57 59 61 64 66 68 71 72 73 74 77 84 86 87 89 91 92 93 96 97 99 100 104 115 120 122 123 127 128 130 131 133 136 138 139 143 145 )
Time = 338.92 s

Number of cores: 240
Maximum number of workers used: 239
