Input file: ./Instances/rudy/rudy_150/ro_1/w09_150.3

Graph has 150 vertices and 10058 edges.
Parameters:
              sigma0 = 1.000000
          scaleSigma = 1.001000
        ADMM_itermax = 2000
                tol0 = 0.050000
            scaleTol = 0.600000
              minTol = 0.001000
          triag_iter = 3
           pent_iter = 3
           hept_iter = 3
      max_outer_iter = 12
          extra_iter = 5
    violated_TriIneq = 0.001000
             TriIneq = 1500
      adjust_TriIneq = 1
            PentIneq = 5000
           HeptaIneq = 5000
         Pent_Trials = 60
        Hepta_Trials = 50
        include_Pent = 1
       include_Hepta = 1
                root = 0
            use_diff = 1
   branchingStrategy = 1

Nodes = 276145
Root node bound = 3853.09
Maximum value = 3451
Solution = ( 1 2 3 6 8 9 10 11 13 17 18 19 21 22 30 31 32 34 35 36 39 40 44 45 46 47 48 49 51 53 60 61 62 64 65 68 69 70 71 72 76 77 78 79 81 88 92 96 100 102 104 107 110 112 113 114 115 116 118 119 120 121 122 123 132 133 135 136 138 139 140 142 143 144 147 148 149 )
Time = 1812.80 s

Number of cores: 240
Maximum number of workers used: 239
