Input file: ./Instances/rudy/rudy_150/ro_1/w09_150.2

Graph has 150 vertices and 10058 edges.
Parameters:
              sigma0 = 1.000000
          scaleSigma = 1.001000
        ADMM_itermax = 2000
                tol0 = 0.050000
            scaleTol = 0.600000
              minTol = 0.001000
          triag_iter = 3
           pent_iter = 3
           hept_iter = 3
      max_outer_iter = 12
          extra_iter = 5
    violated_TriIneq = 0.001000
             TriIneq = 1500
      adjust_TriIneq = 1
            PentIneq = 5000
           HeptaIneq = 5000
         Pent_Trials = 60
        Hepta_Trials = 50
        include_Pent = 1
       include_Hepta = 1
                root = 0
            use_diff = 1
   branchingStrategy = 1

Nodes = 5565
Root node bound = 4285.39
Maximum value = 4019
Solution = ( 1 3 5 6 7 9 11 15 17 18 20 26 31 35 37 38 41 42 44 47 48 49 52 53 54 55 57 58 59 61 63 67 71 73 75 77 82 83 84 85 87 91 93 94 96 99 100 105 108 109 110 112 115 118 121 122 123 125 127 130 133 135 136 138 139 141 143 144 145 149 )
Time = 63.93 s

Number of cores: 240
Maximum number of workers used: 239
