Input file: ./Instances/rudy/rudy_150/ro_1.6/g05_150.3

Graph has 150 vertices and 5588 edges.
Parameters:
              sigma0 = 1.600000
          scaleSigma = 1.001000
        ADMM_itermax = 2000
                tol0 = 0.050000
            scaleTol = 0.600000
              minTol = 0.001000
          triag_iter = 3
           pent_iter = 3
           hept_iter = 3
      max_outer_iter = 12
          extra_iter = 5
    violated_TriIneq = 0.001000
             TriIneq = 1500
      adjust_TriIneq = 1
            PentIneq = 5000
           HeptaIneq = 5000
         Pent_Trials = 60
        Hepta_Trials = 50
        include_Pent = 1
       include_Hepta = 1
                root = 0
            use_diff = 1
   branchingStrategy = 1

Nodes = 100799
Root node bound = 3179.92
Maximum value = 3146
Solution = ( 1 2 5 7 9 15 18 20 22 23 25 26 28 31 32 33 37 39 42 44 45 47 49 51 53 54 55 56 58 59 60 62 64 65 66 67 70 72 73 74 76 79 80 82 85 87 91 92 93 95 96 99 100 101 106 108 109 112 114 115 120 121 122 123 124 127 130 131 133 134 135 138 139 140 141 143 )
Time = 284.75 s

Number of cores: 240
Maximum number of workers used: 239
