Input file: ./Instances/rudy/rudy_150/ro_1.6/g05_150.6

Graph has 150 vertices and 5588 edges.
Parameters:
              sigma0 = 1.600000
          scaleSigma = 1.001000
        ADMM_itermax = 2000
                tol0 = 0.050000
            scaleTol = 0.600000
              minTol = 0.001000
          triag_iter = 3
           pent_iter = 3
           hept_iter = 3
      max_outer_iter = 12
          extra_iter = 5
    violated_TriIneq = 0.001000
             TriIneq = 1500
      adjust_TriIneq = 1
            PentIneq = 5000
           HeptaIneq = 5000
         Pent_Trials = 60
        Hepta_Trials = 50
        include_Pent = 1
       include_Hepta = 1
                root = 0
            use_diff = 1
   branchingStrategy = 1

Nodes = 74697
Root node bound = 3180.54
Maximum value = 3146
Solution = ( 4 5 6 7 9 10 11 16 18 20 23 24 25 27 28 29 32 35 36 37 38 39 40 48 49 52 53 54 55 57 59 60 62 69 71 73 74 76 81 82 87 93 94 96 102 103 105 106 108 111 112 117 118 119 121 123 124 125 126 128 129 130 131 133 135 136 137 138 139 141 142 143 144 145 )
Time = 308.48 s

Number of cores: 240
Maximum number of workers used: 239
