Input file: ./Instances/rudy/rudy_150/ro_1.6/g05_150.7

Graph has 150 vertices and 5588 edges.
Parameters:
              sigma0 = 1.600000
          scaleSigma = 1.001000
        ADMM_itermax = 2000
                tol0 = 0.050000
            scaleTol = 0.600000
              minTol = 0.001000
          triag_iter = 3
           pent_iter = 3
           hept_iter = 3
      max_outer_iter = 12
          extra_iter = 5
    violated_TriIneq = 0.001000
             TriIneq = 1500
      adjust_TriIneq = 1
            PentIneq = 5000
           HeptaIneq = 5000
         Pent_Trials = 60
        Hepta_Trials = 50
        include_Pent = 1
       include_Hepta = 1
                root = 0
            use_diff = 1
   branchingStrategy = 1

Nodes = 138297
Root node bound = 3178.75
Maximum value = 3144
Solution = ( 3 4 5 7 8 11 13 15 16 18 21 23 25 27 32 36 38 39 40 41 43 44 47 48 49 51 52 53 57 60 61 62 63 64 66 67 69 70 71 77 78 79 80 82 84 85 91 97 100 103 104 106 109 111 112 113 116 117 118 119 120 122 126 127 128 129 130 131 134 135 137 140 141 142 )
Time = 300.99 s

Number of cores: 240
Maximum number of workers used: 239
