Input file: ./Instances/rudy/rudy_150/ro_1.6/g05_150.9

Graph has 150 vertices and 5588 edges.
Parameters:
              sigma0 = 1.600000
          scaleSigma = 1.001000
        ADMM_itermax = 2000
                tol0 = 0.050000
            scaleTol = 0.600000
              minTol = 0.001000
          triag_iter = 3
           pent_iter = 3
           hept_iter = 3
      max_outer_iter = 12
          extra_iter = 5
    violated_TriIneq = 0.001000
             TriIneq = 1500
      adjust_TriIneq = 1
            PentIneq = 5000
           HeptaIneq = 5000
         Pent_Trials = 60
        Hepta_Trials = 50
        include_Pent = 1
       include_Hepta = 1
                root = 0
            use_diff = 1
   branchingStrategy = 1

Nodes = 83663
Root node bound = 3179.20
Maximum value = 3145
Solution = ( 6 9 10 13 15 16 17 18 20 21 22 25 27 28 30 33 34 35 41 42 45 46 47 48 53 54 55 56 59 62 64 65 67 71 73 75 77 78 80 82 84 85 87 88 89 91 92 93 94 95 97 98 99 100 108 113 115 117 122 124 127 129 130 131 133 136 137 140 141 143 144 146 147 148 149 )
Time = 279.44 s

Number of cores: 240
Maximum number of workers used: 239
