Input file: ./Instances/rudy/rudy_150/ro_1.6/g05_150.4

Graph has 150 vertices and 5588 edges.
Parameters:
              sigma0 = 1.600000
          scaleSigma = 1.001000
        ADMM_itermax = 2000
                tol0 = 0.050000
            scaleTol = 0.600000
              minTol = 0.001000
          triag_iter = 3
           pent_iter = 3
           hept_iter = 3
      max_outer_iter = 12
          extra_iter = 5
    violated_TriIneq = 0.001000
             TriIneq = 1500
      adjust_TriIneq = 1
            PentIneq = 5000
           HeptaIneq = 5000
         Pent_Trials = 60
        Hepta_Trials = 50
        include_Pent = 1
       include_Hepta = 1
                root = 0
            use_diff = 1
   branchingStrategy = 1

Nodes = 26365
Root node bound = 3178.81
Maximum value = 3148
Solution = ( 2 3 5 6 7 8 9 13 15 17 19 20 21 22 32 33 42 46 47 48 49 50 51 52 53 54 56 57 61 62 63 65 66 68 69 71 72 73 76 77 80 81 82 83 84 87 90 93 96 97 100 104 106 109 112 113 114 119 122 124 125 127 128 129 130 132 133 134 135 138 139 142 143 148 149 )
Time = 142.21 s

Number of cores: 240
Maximum number of workers used: 239
