Input file: ./Instances/rudy/rudy_150/ro_1.6/g05_150.8

Graph has 150 vertices and 5588 edges.
Parameters:
              sigma0 = 1.600000
          scaleSigma = 1.001000
        ADMM_itermax = 2000
                tol0 = 0.050000
            scaleTol = 0.600000
              minTol = 0.001000
          triag_iter = 3
           pent_iter = 3
           hept_iter = 3
      max_outer_iter = 12
          extra_iter = 5
    violated_TriIneq = 0.001000
             TriIneq = 1500
      adjust_TriIneq = 1
            PentIneq = 5000
           HeptaIneq = 5000
         Pent_Trials = 60
        Hepta_Trials = 50
        include_Pent = 1
       include_Hepta = 1
                root = 0
            use_diff = 1
   branchingStrategy = 1

Nodes = 146539
Root node bound = 3177.25
Maximum value = 3142
Solution = ( 2 3 4 6 9 10 12 14 16 17 18 19 20 22 25 26 28 31 34 38 39 40 41 44 45 46 48 49 51 52 53 55 60 62 64 65 71 74 78 79 81 86 87 88 89 90 94 95 96 97 99 100 103 104 112 115 124 125 126 128 130 131 133 134 135 136 137 139 142 143 145 146 147 148 149 )
Time = 531.96 s

Number of cores: 240
Maximum number of workers used: 239
