Input file: ./Instances/rudy/rudy_150/ro_1.6/g05_150.0

Graph has 150 vertices and 5588 edges.
Parameters:
              sigma0 = 1.600000
          scaleSigma = 1.001000
        ADMM_itermax = 2000
                tol0 = 0.050000
            scaleTol = 0.600000
              minTol = 0.001000
          triag_iter = 3
           pent_iter = 3
           hept_iter = 3
      max_outer_iter = 12
          extra_iter = 5
    violated_TriIneq = 0.001000
             TriIneq = 1500
      adjust_TriIneq = 1
            PentIneq = 5000
           HeptaIneq = 5000
         Pent_Trials = 60
        Hepta_Trials = 50
        include_Pent = 1
       include_Hepta = 1
                root = 0
            use_diff = 1
   branchingStrategy = 1

Nodes = 82763
Root node bound = 3183.68
Maximum value = 3148
Solution = ( 2 3 6 7 8 11 12 13 14 16 17 18 21 23 24 28 29 30 34 36 37 40 41 42 43 45 47 48 49 51 55 57 58 60 61 62 67 68 69 70 71 72 77 79 81 84 86 88 89 95 98 99 100 101 102 107 108 109 110 111 113 114 117 123 125 126 128 130 132 134 136 139 141 142 145 )
Time = 411.24 s

Number of cores: 240
Maximum number of workers used: 239
