Input file: ./Instances/rudy/rudy_150/ro_1.6/g05_150.1

Graph has 150 vertices and 5588 edges.
Parameters:
              sigma0 = 1.600000
          scaleSigma = 1.001000
        ADMM_itermax = 2000
                tol0 = 0.050000
            scaleTol = 0.600000
              minTol = 0.001000
          triag_iter = 3
           pent_iter = 3
           hept_iter = 3
      max_outer_iter = 12
          extra_iter = 5
    violated_TriIneq = 0.001000
             TriIneq = 1500
      adjust_TriIneq = 1
            PentIneq = 5000
           HeptaIneq = 5000
         Pent_Trials = 60
        Hepta_Trials = 50
        include_Pent = 1
       include_Hepta = 1
                root = 0
            use_diff = 1
   branchingStrategy = 1

Nodes = 56785
Root node bound = 3180.37
Maximum value = 3149
Solution = ( 1 4 8 9 12 14 15 16 17 18 20 21 23 24 25 26 27 29 30 33 34 37 40 42 44 48 50 53 54 56 60 63 64 66 68 69 71 72 73 74 81 82 83 84 86 88 91 94 95 96 98 100 103 104 107 109 112 113 116 118 119 121 125 126 129 132 133 134 135 137 139 140 142 144 147 148 149 )
Time = 122.03 s

Number of cores: 240
Maximum number of workers used: 239
