Input file: ./Instances/rudy/rudy_150/ro_1.6/pm1d_150.9

Graph has 150 vertices and 11063 edges.
Parameters:
              sigma0 = 1.600000
          scaleSigma = 1.001000
        ADMM_itermax = 2000
                tol0 = 0.050000
            scaleTol = 0.600000
              minTol = 0.001000
          triag_iter = 3
           pent_iter = 3
           hept_iter = 3
      max_outer_iter = 12
          extra_iter = 5
    violated_TriIneq = 0.001000
             TriIneq = 1500
      adjust_TriIneq = 1
            PentIneq = 5000
           HeptaIneq = 5000
         Pent_Trials = 60
        Hepta_Trials = 50
        include_Pent = 1
       include_Hepta = 1
                root = 0
            use_diff = 1
   branchingStrategy = 1

Nodes = 4419
Root node bound = 686.28
Maximum value = 640
Solution = ( 2 4 6 7 8 10 12 13 22 25 26 27 32 36 39 42 46 47 51 52 54 57 63 65 66 67 68 69 74 75 78 82 84 85 86 87 90 91 93 94 95 96 97 102 103 104 105 107 108 109 110 111 113 114 116 117 120 121 123 127 129 130 131 134 136 137 139 141 144 146 149 )
Time = 58.88 s

Number of cores: 240
Maximum number of workers used: 239
