Input file: ./Instances/rudy/rudy_150/ro_1.6/pm1d_150.3

Graph has 150 vertices and 11063 edges.
Parameters:
              sigma0 = 1.600000
          scaleSigma = 1.001000
        ADMM_itermax = 2000
                tol0 = 0.050000
            scaleTol = 0.600000
              minTol = 0.001000
          triag_iter = 3
           pent_iter = 3
           hept_iter = 3
      max_outer_iter = 12
          extra_iter = 5
    violated_TriIneq = 0.001000
             TriIneq = 1500
      adjust_TriIneq = 1
            PentIneq = 5000
           HeptaIneq = 5000
         Pent_Trials = 60
        Hepta_Trials = 50
        include_Pent = 1
       include_Hepta = 1
                root = 0
            use_diff = 1
   branchingStrategy = 1

Nodes = 473
Root node bound = 794.03
Maximum value = 762
Solution = ( 2 3 4 6 9 10 12 15 17 18 20 21 22 25 26 27 28 29 33 34 36 37 38 39 40 41 45 47 48 52 55 58 60 64 66 68 71 72 77 79 82 87 88 90 94 95 98 99 100 102 103 104 106 108 114 117 120 122 125 126 127 128 129 132 133 134 135 137 138 139 140 141 146 148 149 )
Time = 28.20 s

Number of cores: 240
Maximum number of workers used: 233
