Input file: ./Instances/rudy/rudy_150/ro_1.6/pm1d_150.4

Graph has 150 vertices and 11063 edges.
Parameters:
              sigma0 = 1.600000
          scaleSigma = 1.001000
        ADMM_itermax = 2000
                tol0 = 0.050000
            scaleTol = 0.600000
              minTol = 0.001000
          triag_iter = 3
           pent_iter = 3
           hept_iter = 3
      max_outer_iter = 12
          extra_iter = 5
    violated_TriIneq = 0.001000
             TriIneq = 1500
      adjust_TriIneq = 1
            PentIneq = 5000
           HeptaIneq = 5000
         Pent_Trials = 60
        Hepta_Trials = 50
        include_Pent = 1
       include_Hepta = 1
                root = 0
            use_diff = 1
   branchingStrategy = 1

Nodes = 89447
Root node bound = 736.82
Maximum value = 671
Solution = ( 1 3 6 9 12 14 15 18 19 21 25 26 32 33 35 36 37 39 40 41 43 46 47 53 54 56 57 59 61 62 63 64 65 67 69 70 71 75 77 80 82 84 89 91 93 94 96 98 101 102 107 108 109 112 115 116 117 118 120 123 127 128 129 130 131 133 134 136 137 138 139 141 )
Time = 312.98 s

Number of cores: 240
Maximum number of workers used: 239
