Input file: ./Instances/rudy/rudy_150/ro_1.6/pm1d_150.2

Graph has 150 vertices and 11063 edges.
Parameters:
              sigma0 = 1.600000
          scaleSigma = 1.001000
        ADMM_itermax = 2000
                tol0 = 0.050000
            scaleTol = 0.600000
              minTol = 0.001000
          triag_iter = 3
           pent_iter = 3
           hept_iter = 3
      max_outer_iter = 12
          extra_iter = 5
    violated_TriIneq = 0.001000
             TriIneq = 1500
      adjust_TriIneq = 1
            PentIneq = 5000
           HeptaIneq = 5000
         Pent_Trials = 60
        Hepta_Trials = 50
        include_Pent = 1
       include_Hepta = 1
                root = 0
            use_diff = 1
   branchingStrategy = 1

Nodes = 4111
Root node bound = 702.62
Maximum value = 656
Solution = ( 4 7 8 9 12 13 14 15 18 19 21 22 23 24 25 26 32 36 37 38 43 44 46 48 49 51 54 56 58 62 63 65 66 67 68 69 72 74 75 76 77 78 80 81 85 87 93 94 96 97 99 100 101 106 107 108 110 111 113 115 116 118 120 121 122 123 124 126 127 128 129 133 134 135 136 139 140 142 145 147 148 )
Time = 38.98 s

Number of cores: 240
Maximum number of workers used: 239
