Input file: ./Instances/rudy/rudy_150/ro_1.6/pm1d_150.5

Graph has 150 vertices and 11063 edges.
Parameters:
              sigma0 = 1.600000
          scaleSigma = 1.001000
        ADMM_itermax = 2000
                tol0 = 0.050000
            scaleTol = 0.600000
              minTol = 0.001000
          triag_iter = 3
           pent_iter = 3
           hept_iter = 3
      max_outer_iter = 12
          extra_iter = 5
    violated_TriIneq = 0.001000
             TriIneq = 1500
      adjust_TriIneq = 1
            PentIneq = 5000
           HeptaIneq = 5000
         Pent_Trials = 60
        Hepta_Trials = 50
        include_Pent = 1
       include_Hepta = 1
                root = 0
            use_diff = 1
   branchingStrategy = 1

Nodes = 76935
Root node bound = 671.22
Maximum value = 606
Solution = ( 4 5 6 7 9 16 18 19 22 23 24 26 27 28 29 30 31 34 35 37 38 43 46 48 56 57 58 60 61 62 64 73 74 76 77 79 80 81 83 91 97 98 99 101 104 105 106 107 108 110 112 113 117 118 119 120 122 124 125 127 128 132 133 134 136 137 138 139 140 141 143 144 147 149 )
Time = 315.73 s

Number of cores: 240
Maximum number of workers used: 239
