Input file: ./Instances/rudy/rudy_150/ro_1.6/pm1d_150.6

Graph has 150 vertices and 11063 edges.
Parameters:
              sigma0 = 1.600000
          scaleSigma = 1.001000
        ADMM_itermax = 2000
                tol0 = 0.050000
            scaleTol = 0.600000
              minTol = 0.001000
          triag_iter = 3
           pent_iter = 3
           hept_iter = 3
      max_outer_iter = 12
          extra_iter = 5
    violated_TriIneq = 0.001000
             TriIneq = 1500
      adjust_TriIneq = 1
            PentIneq = 5000
           HeptaIneq = 5000
         Pent_Trials = 60
        Hepta_Trials = 50
        include_Pent = 1
       include_Hepta = 1
                root = 0
            use_diff = 1
   branchingStrategy = 1

Nodes = 384091
Root node bound = 783.89
Maximum value = 715
Solution = ( 2 7 9 10 11 12 14 15 16 19 21 25 27 29 30 34 35 36 39 43 44 46 47 48 50 52 60 62 65 66 68 70 71 72 74 75 80 81 82 84 85 86 89 92 95 97 100 101 102 103 109 110 111 113 114 118 123 124 125 126 128 129 134 135 136 141 144 147 148 )
Time = 685.20 s

Number of cores: 240
Maximum number of workers used: 239
