Input file: ./Instances/rudy/rudy_150/ro_1.6/pm1d_150.0

Graph has 150 vertices and 11063 edges.
Parameters:
              sigma0 = 1.600000
          scaleSigma = 1.001000
        ADMM_itermax = 2000
                tol0 = 0.050000
            scaleTol = 0.600000
              minTol = 0.001000
          triag_iter = 3
           pent_iter = 3
           hept_iter = 3
      max_outer_iter = 12
          extra_iter = 5
    violated_TriIneq = 0.001000
             TriIneq = 1500
      adjust_TriIneq = 1
            PentIneq = 5000
           HeptaIneq = 5000
         Pent_Trials = 60
        Hepta_Trials = 50
        include_Pent = 1
       include_Hepta = 1
                root = 0
            use_diff = 1
   branchingStrategy = 1

Nodes = 122309
Root node bound = 781.81
Maximum value = 717
Solution = ( 4 7 8 9 11 14 15 16 18 19 20 21 22 24 26 29 31 32 35 36 37 39 40 41 42 45 46 47 49 50 53 54 55 57 62 63 66 67 68 70 71 72 74 80 81 82 83 84 85 86 88 95 98 99 103 104 105 106 107 110 114 118 119 121 123 124 126 128 129 131 132 135 137 141 142 143 144 147 149 )
Time = 314.44 s

Number of cores: 240
Maximum number of workers used: 239
