Input file: ./Instances/rudy/rudy_150/ro_1.6/pm1d_150.8

Graph has 150 vertices and 11063 edges.
Parameters:
              sigma0 = 1.600000
          scaleSigma = 1.001000
        ADMM_itermax = 2000
                tol0 = 0.050000
            scaleTol = 0.600000
              minTol = 0.001000
          triag_iter = 3
           pent_iter = 3
           hept_iter = 3
      max_outer_iter = 12
          extra_iter = 5
    violated_TriIneq = 0.001000
             TriIneq = 1500
      adjust_TriIneq = 1
            PentIneq = 5000
           HeptaIneq = 5000
         Pent_Trials = 60
        Hepta_Trials = 50
        include_Pent = 1
       include_Hepta = 1
                root = 0
            use_diff = 1
   branchingStrategy = 1

Nodes = 29531
Root node bound = 799.08
Maximum value = 739
Solution = ( 1 3 5 7 8 10 13 14 19 23 24 25 27 29 30 31 32 37 39 40 41 42 43 45 47 48 49 51 52 53 54 56 60 62 66 68 73 75 78 79 82 84 89 90 92 95 96 98 99 101 102 103 105 108 109 113 114 115 116 120 121 123 124 128 130 131 134 137 141 142 145 146 147 )
Time = 242.21 s

Number of cores: 240
Maximum number of workers used: 239
