Input file: ./Instances/rudy/rudy_150/ro_1.6/pm1s_150.3

Graph has 150 vertices and 1118 edges.
Parameters:
              sigma0 = 1.600000
          scaleSigma = 1.001000
        ADMM_itermax = 2000
                tol0 = 0.050000
            scaleTol = 0.600000
              minTol = 0.001000
          triag_iter = 3
           pent_iter = 3
           hept_iter = 3
      max_outer_iter = 12
          extra_iter = 5
    violated_TriIneq = 0.001000
             TriIneq = 1500
      adjust_TriIneq = 1
            PentIneq = 5000
           HeptaIneq = 5000
         Pent_Trials = 60
        Hepta_Trials = 50
        include_Pent = 1
       include_Hepta = 1
                root = 0
            use_diff = 1
   branchingStrategy = 1

Nodes = 1181
Root node bound = 240.12
Maximum value = 228
Solution = ( 1 3 6 8 10 15 16 17 18 19 20 22 23 24 25 27 29 30 32 33 34 35 40 42 43 44 46 47 50 51 52 55 56 58 60 64 66 68 69 71 76 78 83 84 85 86 88 91 93 96 97 99 100 101 104 109 111 112 113 114 115 116 118 121 123 124 127 128 133 134 135 136 138 139 141 142 143 144 146 149 )
Time = 18.26 s

Number of cores: 240
Maximum number of workers used: 239
