Input file: ./Instances/rudy/rudy_150/ro_1.6/pm1s_150.2

Graph has 150 vertices and 1118 edges.
Parameters:
              sigma0 = 1.600000
          scaleSigma = 1.001000
        ADMM_itermax = 2000
                tol0 = 0.050000
            scaleTol = 0.600000
              minTol = 0.001000
          triag_iter = 3
           pent_iter = 3
           hept_iter = 3
      max_outer_iter = 12
          extra_iter = 5
    violated_TriIneq = 0.001000
             TriIneq = 1500
      adjust_TriIneq = 1
            PentIneq = 5000
           HeptaIneq = 5000
         Pent_Trials = 60
        Hepta_Trials = 50
        include_Pent = 1
       include_Hepta = 1
                root = 0
            use_diff = 1
   branchingStrategy = 1

Nodes = 10291
Root node bound = 224.93
Maximum value = 211
Solution = ( 1 4 5 11 12 14 16 18 20 21 22 24 25 26 28 32 33 35 36 37 44 45 46 49 54 58 59 60 61 62 63 65 68 69 70 71 75 77 78 80 85 91 92 94 96 97 99 100 101 102 103 104 105 106 107 109 110 113 116 118 120 122 123 124 125 126 128 129 130 132 133 134 135 136 137 138 141 142 143 144 146 148 149 )
Time = 45.78 s

Number of cores: 240
Maximum number of workers used: 239
