Input file: ./Instances/rudy/rudy_150/ro_1.6/pm1s_150.1

Graph has 150 vertices and 1118 edges.
Parameters:
              sigma0 = 1.600000
          scaleSigma = 1.001000
        ADMM_itermax = 2000
                tol0 = 0.050000
            scaleTol = 0.600000
              minTol = 0.001000
          triag_iter = 3
           pent_iter = 3
           hept_iter = 3
      max_outer_iter = 12
          extra_iter = 5
    violated_TriIneq = 0.001000
             TriIneq = 1500
      adjust_TriIneq = 1
            PentIneq = 5000
           HeptaIneq = 5000
         Pent_Trials = 60
        Hepta_Trials = 50
        include_Pent = 1
       include_Hepta = 1
                root = 0
            use_diff = 1
   branchingStrategy = 1

Nodes = 57
Root node bound = 231.74
Maximum value = 225
Solution = ( 2 10 15 16 17 18 20 22 24 25 26 28 29 31 33 34 35 38 41 42 43 45 47 48 51 52 53 54 55 56 59 62 63 64 65 66 68 69 70 71 76 78 79 81 86 87 90 94 95 96 97 103 109 110 111 114 115 117 119 120 122 124 125 128 129 130 131 132 134 136 139 141 142 143 147 148 )
Time = 13.86 s

Number of cores: 240
Maximum number of workers used: 28
