Input file: ./Instances/rudy/rudy_150/ro_1.6/pm1s_150.9

Graph has 150 vertices and 1118 edges.
Parameters:
              sigma0 = 1.600000
          scaleSigma = 1.001000
        ADMM_itermax = 2000
                tol0 = 0.050000
            scaleTol = 0.600000
              minTol = 0.001000
          triag_iter = 3
           pent_iter = 3
           hept_iter = 3
      max_outer_iter = 12
          extra_iter = 5
    violated_TriIneq = 0.001000
             TriIneq = 1500
      adjust_TriIneq = 1
            PentIneq = 5000
           HeptaIneq = 5000
         Pent_Trials = 60
        Hepta_Trials = 50
        include_Pent = 1
       include_Hepta = 1
                root = 0
            use_diff = 1
   branchingStrategy = 1

Nodes = 6313
Root node bound = 188.67
Maximum value = 174
Solution = ( 1 2 4 8 9 13 16 23 24 25 27 28 29 33 34 35 36 37 40 41 42 47 51 57 58 59 63 65 68 69 70 71 73 74 75 77 78 83 85 89 92 101 102 106 111 112 114 116 117 118 119 122 126 127 130 133 134 137 139 140 145 )
Time = 35.06 s

Number of cores: 240
Maximum number of workers used: 239
