Input file: ./Instances/rudy/rudy_150/ro_1.6/pm1s_150.6

Graph has 150 vertices and 1118 edges.
Parameters:
              sigma0 = 1.600000
          scaleSigma = 1.001000
        ADMM_itermax = 2000
                tol0 = 0.050000
            scaleTol = 0.600000
              minTol = 0.001000
          triag_iter = 3
           pent_iter = 3
           hept_iter = 3
      max_outer_iter = 12
          extra_iter = 5
    violated_TriIneq = 0.001000
             TriIneq = 1500
      adjust_TriIneq = 1
            PentIneq = 5000
           HeptaIneq = 5000
         Pent_Trials = 60
        Hepta_Trials = 50
        include_Pent = 1
       include_Hepta = 1
                root = 0
            use_diff = 1
   branchingStrategy = 1

Nodes = 6619
Root node bound = 247.01
Maximum value = 231
Solution = ( 3 4 8 10 11 12 13 14 17 18 20 21 22 23 26 29 30 31 34 36 38 39 40 43 44 47 51 52 54 58 60 61 62 64 66 71 72 73 74 76 77 78 81 83 91 93 96 98 99 101 103 104 105 106 107 109 110 111 114 116 119 121 122 123 124 125 126 130 131 134 135 136 139 140 148 )
Time = 55.36 s

Number of cores: 240
Maximum number of workers used: 239
