Input file: ./Instances/rudy/rudy_150/ro_1.6/pm1s_150.0

Graph has 150 vertices and 1118 edges.
Parameters:
              sigma0 = 1.600000
          scaleSigma = 1.001000
        ADMM_itermax = 2000
                tol0 = 0.050000
            scaleTol = 0.600000
              minTol = 0.001000
          triag_iter = 3
           pent_iter = 3
           hept_iter = 3
      max_outer_iter = 12
          extra_iter = 5
    violated_TriIneq = 0.001000
             TriIneq = 1500
      adjust_TriIneq = 1
            PentIneq = 5000
           HeptaIneq = 5000
         Pent_Trials = 60
        Hepta_Trials = 50
        include_Pent = 1
       include_Hepta = 1
                root = 0
            use_diff = 1
   branchingStrategy = 1

Nodes = 2549
Root node bound = 220.67
Maximum value = 207
Solution = ( 1 6 7 8 10 11 12 13 16 17 18 19 20 21 22 26 27 28 29 30 36 40 41 42 44 47 48 50 51 54 56 57 58 59 60 62 64 66 67 69 71 74 75 76 78 80 81 82 83 84 85 86 87 90 95 100 101 102 103 106 107 109 110 111 114 119 122 125 126 128 130 131 133 134 135 137 139 140 143 144 145 146 147 )
Time = 29.84 s

Number of cores: 240
Maximum number of workers used: 239
