Input file: ./Instances/rudy/rudy_150/ro_1.6/pm1s_150.4

Graph has 150 vertices and 1118 edges.
Parameters:
              sigma0 = 1.600000
          scaleSigma = 1.001000
        ADMM_itermax = 2000
                tol0 = 0.050000
            scaleTol = 0.600000
              minTol = 0.001000
          triag_iter = 3
           pent_iter = 3
           hept_iter = 3
      max_outer_iter = 12
          extra_iter = 5
    violated_TriIneq = 0.001000
             TriIneq = 1500
      adjust_TriIneq = 1
            PentIneq = 5000
           HeptaIneq = 5000
         Pent_Trials = 60
        Hepta_Trials = 50
        include_Pent = 1
       include_Hepta = 1
                root = 0
            use_diff = 1
   branchingStrategy = 1

Nodes = 665
Root node bound = 204.92
Maximum value = 195
Solution = ( 1 3 6 7 8 9 12 13 17 18 19 20 22 25 30 33 34 37 39 43 46 49 50 53 54 55 56 57 59 60 61 63 72 77 78 80 83 84 86 90 92 93 94 97 98 99 100 109 110 111 112 113 116 120 121 122 123 126 128 130 131 135 136 137 138 140 141 142 148 149 )
Time = 11.03 s

Number of cores: 240
Maximum number of workers used: 239
