Input file: ./Instances/rudy/rudy_150/ro_1.6/pm1s_150.5

Graph has 150 vertices and 1118 edges.
Parameters:
              sigma0 = 1.600000
          scaleSigma = 1.001000
        ADMM_itermax = 2000
                tol0 = 0.050000
            scaleTol = 0.600000
              minTol = 0.001000
          triag_iter = 3
           pent_iter = 3
           hept_iter = 3
      max_outer_iter = 12
          extra_iter = 5
    violated_TriIneq = 0.001000
             TriIneq = 1500
      adjust_TriIneq = 1
            PentIneq = 5000
           HeptaIneq = 5000
         Pent_Trials = 60
        Hepta_Trials = 50
        include_Pent = 1
       include_Hepta = 1
                root = 0
            use_diff = 1
   branchingStrategy = 1

Nodes = 55
Root node bound = 223.83
Maximum value = 217
Solution = ( 3 4 5 6 10 12 15 20 21 23 26 27 28 29 30 32 33 35 36 38 39 41 46 47 48 50 51 52 53 58 59 60 61 72 73 74 76 78 79 80 81 82 85 87 89 90 91 93 95 96 99 100 101 103 104 105 106 108 109 111 112 114 116 119 121 124 126 127 129 131 133 135 136 137 138 139 141 142 143 144 146 148 )
Time = 9.74 s

Number of cores: 240
Maximum number of workers used: 28
