Input file: ./Instances/rudy/rudy_150/ro_1.6/pw01_150.7

Graph has 150 vertices and 1118 edges.
Parameters:
              sigma0 = 1.600000
          scaleSigma = 1.001000
        ADMM_itermax = 2000
                tol0 = 0.050000
            scaleTol = 0.600000
              minTol = 0.001000
          triag_iter = 3
           pent_iter = 3
           hept_iter = 3
      max_outer_iter = 12
          extra_iter = 5
    violated_TriIneq = 0.001000
             TriIneq = 1500
      adjust_TriIneq = 1
            PentIneq = 5000
           HeptaIneq = 5000
         Pent_Trials = 60
        Hepta_Trials = 50
        include_Pent = 1
       include_Hepta = 1
                root = 0
            use_diff = 1
   branchingStrategy = 1

Nodes = 453
Root node bound = 4476.66
Maximum value = 4425
Solution = ( 2 6 8 9 10 14 17 18 21 24 26 27 32 37 38 39 42 44 46 47 48 49 54 55 56 58 62 63 64 66 67 69 71 78 79 82 83 84 85 86 88 89 90 91 93 94 95 96 97 99 100 101 102 105 107 110 111 113 114 115 118 121 122 125 126 128 129 131 134 135 136 137 139 140 142 144 146 149 )
Time = 15.91 s

Number of cores: 240
Maximum number of workers used: 212
