Input file: ./Instances/rudy/rudy_150/ro_1.6/pw01_150.8

Graph has 150 vertices and 1118 edges.
Parameters:
              sigma0 = 1.600000
          scaleSigma = 1.001000
        ADMM_itermax = 2000
                tol0 = 0.050000
            scaleTol = 0.600000
              minTol = 0.001000
          triag_iter = 3
           pent_iter = 3
           hept_iter = 3
      max_outer_iter = 12
          extra_iter = 5
    violated_TriIneq = 0.001000
             TriIneq = 1500
      adjust_TriIneq = 1
            PentIneq = 5000
           HeptaIneq = 5000
         Pent_Trials = 60
        Hepta_Trials = 50
        include_Pent = 1
       include_Hepta = 1
                root = 0
            use_diff = 1
   branchingStrategy = 1

Nodes = 171
Root node bound = 4277.57
Maximum value = 4242
Solution = ( 2 3 4 6 7 9 14 18 19 22 24 28 32 33 38 39 43 44 45 46 47 48 50 53 54 55 56 58 59 60 61 63 64 67 70 72 76 77 78 81 85 87 90 91 93 94 95 97 99 101 102 104 105 106 109 110 111 112 113 115 116 118 121 122 126 127 134 136 138 139 141 142 145 149 )
Time = 21.29 s

Number of cores: 240
Maximum number of workers used: 85
