Input file: ./Instances/rudy/rudy_150/ro_1.6/pw01_150.2

Graph has 150 vertices and 1118 edges.
Parameters:
              sigma0 = 1.600000
          scaleSigma = 1.001000
        ADMM_itermax = 2000
                tol0 = 0.050000
            scaleTol = 0.600000
              minTol = 0.001000
          triag_iter = 3
           pent_iter = 3
           hept_iter = 3
      max_outer_iter = 12
          extra_iter = 5
    violated_TriIneq = 0.001000
             TriIneq = 1500
      adjust_TriIneq = 1
            PentIneq = 5000
           HeptaIneq = 5000
         Pent_Trials = 60
        Hepta_Trials = 50
        include_Pent = 1
       include_Hepta = 1
                root = 0
            use_diff = 1
   branchingStrategy = 1

Nodes = 183
Root node bound = 4315.77
Maximum value = 4272
Solution = ( 3 5 7 12 14 16 17 19 20 21 22 23 24 26 30 31 33 34 35 36 41 42 43 44 46 47 48 49 50 53 54 55 56 59 60 62 63 66 67 69 70 71 72 73 74 75 77 82 84 86 88 91 93 98 101 107 108 109 111 114 115 116 117 118 122 131 132 133 134 135 136 137 141 145 147 148 149 )
Time = 18.29 s

Number of cores: 240
Maximum number of workers used: 91
