Input file: ./Instances/rudy/rudy_150/ro_1.6/pw01_150.3

Graph has 150 vertices and 1118 edges.
Parameters:
              sigma0 = 1.600000
          scaleSigma = 1.001000
        ADMM_itermax = 2000
                tol0 = 0.050000
            scaleTol = 0.600000
              minTol = 0.001000
          triag_iter = 3
           pent_iter = 3
           hept_iter = 3
      max_outer_iter = 12
          extra_iter = 5
    violated_TriIneq = 0.001000
             TriIneq = 1500
      adjust_TriIneq = 1
            PentIneq = 5000
           HeptaIneq = 5000
         Pent_Trials = 60
        Hepta_Trials = 50
        include_Pent = 1
       include_Hepta = 1
                root = 0
            use_diff = 1
   branchingStrategy = 1

Nodes = 57
Root node bound = 4311.54
Maximum value = 4285
Solution = ( 7 8 10 13 14 18 20 22 23 24 25 27 28 29 35 36 37 38 39 41 43 44 47 48 50 55 56 58 62 63 65 66 67 69 71 73 74 75 77 78 80 82 84 85 86 88 91 93 94 96 98 99 100 102 105 107 110 111 112 115 117 118 119 120 123 126 127 130 131 132 134 136 137 138 139 144 148 )
Time = 12.96 s

Number of cores: 240
Maximum number of workers used: 29
