Input file: ./Instances/rudy/rudy_150/ro_1.6/pw01_150.1

Graph has 150 vertices and 1118 edges.
Parameters:
              sigma0 = 1.600000
          scaleSigma = 1.001000
        ADMM_itermax = 2000
                tol0 = 0.050000
            scaleTol = 0.600000
              minTol = 0.001000
          triag_iter = 3
           pent_iter = 3
           hept_iter = 3
      max_outer_iter = 12
          extra_iter = 5
    violated_TriIneq = 0.001000
             TriIneq = 1500
      adjust_TriIneq = 1
            PentIneq = 5000
           HeptaIneq = 5000
         Pent_Trials = 60
        Hepta_Trials = 50
        include_Pent = 1
       include_Hepta = 1
                root = 0
            use_diff = 1
   branchingStrategy = 1

Nodes = 2623
Root node bound = 4431.66
Maximum value = 4376
Solution = ( 1 2 3 4 6 7 8 9 10 11 12 14 19 22 24 25 26 27 28 29 32 33 34 36 37 38 41 43 44 45 46 47 49 50 55 57 61 63 64 66 71 72 73 74 75 80 82 83 85 87 90 92 94 96 99 102 103 107 110 111 113 115 122 126 128 132 137 138 141 145 146 147 148 )
Time = 25.64 s

Number of cores: 240
Maximum number of workers used: 239
