Input file: ./Instances/rudy/rudy_150/ro_1.6/pw01_150.6

Graph has 150 vertices and 1118 edges.
Parameters:
              sigma0 = 1.600000
          scaleSigma = 1.001000
        ADMM_itermax = 2000
                tol0 = 0.050000
            scaleTol = 0.600000
              minTol = 0.001000
          triag_iter = 3
           pent_iter = 3
           hept_iter = 3
      max_outer_iter = 12
          extra_iter = 5
    violated_TriIneq = 0.001000
             TriIneq = 1500
      adjust_TriIneq = 1
            PentIneq = 5000
           HeptaIneq = 5000
         Pent_Trials = 60
        Hepta_Trials = 50
        include_Pent = 1
       include_Hepta = 1
                root = 0
            use_diff = 1
   branchingStrategy = 1

Nodes = 485
Root node bound = 4496.08
Maximum value = 4446
Solution = ( 2 4 6 7 8 9 10 12 14 16 20 24 25 29 33 34 36 37 39 41 42 43 45 51 52 56 57 59 60 62 65 66 68 69 75 76 77 79 80 81 82 83 86 87 91 93 95 96 99 100 102 103 107 111 112 116 118 123 125 126 128 129 130 132 133 135 136 137 138 141 142 145 146 148 )
Time = 17.36 s

Number of cores: 240
Maximum number of workers used: 239
