Input file: ./Instances/rudy/rudy_150/ro_1.6/pw01_150.0

Graph has 150 vertices and 1118 edges.
Parameters:
              sigma0 = 1.600000
          scaleSigma = 1.001000
        ADMM_itermax = 2000
                tol0 = 0.050000
            scaleTol = 0.600000
              minTol = 0.001000
          triag_iter = 3
           pent_iter = 3
           hept_iter = 3
      max_outer_iter = 12
          extra_iter = 5
    violated_TriIneq = 0.001000
             TriIneq = 1500
      adjust_TriIneq = 1
            PentIneq = 5000
           HeptaIneq = 5000
         Pent_Trials = 60
        Hepta_Trials = 50
        include_Pent = 1
       include_Hepta = 1
                root = 0
            use_diff = 1
   branchingStrategy = 1

Nodes = 205
Root node bound = 4442.14
Maximum value = 4402
Solution = ( 3 4 5 6 7 9 13 14 15 18 21 22 23 25 31 34 36 37 38 41 43 45 47 48 49 50 51 52 54 57 58 60 61 62 66 70 71 74 75 76 77 78 80 81 82 83 84 85 88 89 90 92 95 96 101 102 103 107 109 110 114 119 120 121 123 125 128 134 136 140 142 144 )
Time = 18.07 s

Number of cores: 240
Maximum number of workers used: 102
