Input file: ./Instances/rudy/rudy_150/ro_1.6/w01_150.8

Graph has 150 vertices and 1118 edges.
Parameters:
              sigma0 = 1.600000
          scaleSigma = 1.001000
        ADMM_itermax = 2000
                tol0 = 0.050000
            scaleTol = 0.600000
              minTol = 0.001000
          triag_iter = 3
           pent_iter = 3
           hept_iter = 3
      max_outer_iter = 12
          extra_iter = 5
    violated_TriIneq = 0.001000
             TriIneq = 1500
      adjust_TriIneq = 1
            PentIneq = 5000
           HeptaIneq = 5000
         Pent_Trials = 60
        Hepta_Trials = 50
        include_Pent = 1
       include_Hepta = 1
                root = 0
            use_diff = 1
   branchingStrategy = 1

Nodes = 311
Root node bound = 1204.09
Maximum value = 1167
Solution = ( 2 3 5 9 12 13 14 17 21 22 23 25 26 27 29 30 31 38 40 41 42 43 44 45 46 47 49 50 51 53 54 56 58 65 66 67 70 71 72 73 74 76 80 83 86 88 89 90 92 93 94 95 97 99 100 102 105 106 107 108 110 113 115 117 118 121 122 123 124 126 130 132 133 135 140 142 146 147 149 )
Time = 33.97 s

Number of cores: 240
Maximum number of workers used: 129
