Input file: ./Instances/rudy/rudy_150/ro_1.6/w01_150.6

Graph has 150 vertices and 1118 edges.
Parameters:
              sigma0 = 1.600000
          scaleSigma = 1.001000
        ADMM_itermax = 2000
                tol0 = 0.050000
            scaleTol = 0.600000
              minTol = 0.001000
          triag_iter = 3
           pent_iter = 3
           hept_iter = 3
      max_outer_iter = 12
          extra_iter = 5
    violated_TriIneq = 0.001000
             TriIneq = 1500
      adjust_TriIneq = 1
            PentIneq = 5000
           HeptaIneq = 5000
         Pent_Trials = 60
        Hepta_Trials = 50
        include_Pent = 1
       include_Hepta = 1
                root = 0
            use_diff = 1
   branchingStrategy = 1

Nodes = 1849
Root node bound = 1334.76
Maximum value = 1283
Solution = ( 3 4 5 6 8 9 10 14 17 19 20 21 24 26 29 31 33 35 38 39 41 46 48 49 53 55 57 59 61 65 66 68 69 70 71 72 74 75 76 79 81 83 84 85 87 88 89 90 92 94 96 97 99 103 105 106 107 108 116 119 120 128 129 134 135 136 140 142 144 145 146 147 )
Time = 30.14 s

Number of cores: 240
Maximum number of workers used: 239
