Input file: ./Instances/rudy/rudy_150/ro_1.6/w01_150.0

Graph has 150 vertices and 1118 edges.
Parameters:
              sigma0 = 1.600000
          scaleSigma = 1.001000
        ADMM_itermax = 2000
                tol0 = 0.050000
            scaleTol = 0.600000
              minTol = 0.001000
          triag_iter = 3
           pent_iter = 3
           hept_iter = 3
      max_outer_iter = 12
          extra_iter = 5
    violated_TriIneq = 0.001000
             TriIneq = 1500
      adjust_TriIneq = 1
            PentIneq = 5000
           HeptaIneq = 5000
         Pent_Trials = 60
        Hepta_Trials = 50
        include_Pent = 1
       include_Hepta = 1
                root = 0
            use_diff = 1
   branchingStrategy = 1

Nodes = 1907
Root node bound = 1456.48
Maximum value = 1394
Solution = ( 1 3 4 7 8 9 10 12 13 14 15 18 19 23 25 32 34 35 39 40 41 44 45 48 55 56 59 60 62 66 68 72 74 77 80 81 82 84 92 95 99 100 101 104 106 107 108 110 113 114 117 118 120 121 123 124 125 126 129 132 134 136 137 138 139 142 143 145 148 )
Time = 34.79 s

Number of cores: 240
Maximum number of workers used: 239
