Input file: ./Instances/rudy/rudy_150/ro_1.6/w01_150.3

Graph has 150 vertices and 1118 edges.
Parameters:
              sigma0 = 1.600000
          scaleSigma = 1.001000
        ADMM_itermax = 2000
                tol0 = 0.050000
            scaleTol = 0.600000
              minTol = 0.001000
          triag_iter = 3
           pent_iter = 3
           hept_iter = 3
      max_outer_iter = 12
          extra_iter = 5
    violated_TriIneq = 0.001000
             TriIneq = 1500
      adjust_TriIneq = 1
            PentIneq = 5000
           HeptaIneq = 5000
         Pent_Trials = 60
        Hepta_Trials = 50
        include_Pent = 1
       include_Hepta = 1
                root = 0
            use_diff = 1
   branchingStrategy = 1

Nodes = 355
Root node bound = 1307.50
Maximum value = 1264
Solution = ( 6 9 12 13 14 16 17 19 21 23 24 25 26 27 28 30 32 34 35 36 37 40 41 43 44 45 46 48 53 54 60 61 63 64 71 72 75 76 78 80 82 84 85 86 89 93 94 98 104 106 107 109 110 113 116 118 120 122 125 126 129 130 133 134 136 137 138 139 142 146 149 )
Time = 25.76 s

Number of cores: 240
Maximum number of workers used: 171
