Input file: ./Instances/rudy/rudy_150/ro_1.6/w01_150.7

Graph has 150 vertices and 1118 edges.
Parameters:
              sigma0 = 1.600000
          scaleSigma = 1.001000
        ADMM_itermax = 2000
                tol0 = 0.050000
            scaleTol = 0.600000
              minTol = 0.001000
          triag_iter = 3
           pent_iter = 3
           hept_iter = 3
      max_outer_iter = 12
          extra_iter = 5
    violated_TriIneq = 0.001000
             TriIneq = 1500
      adjust_TriIneq = 1
            PentIneq = 5000
           HeptaIneq = 5000
         Pent_Trials = 60
        Hepta_Trials = 50
        include_Pent = 1
       include_Hepta = 1
                root = 0
            use_diff = 1
   branchingStrategy = 1

Nodes = 507
Root node bound = 1317.55
Maximum value = 1260
Solution = ( 1 2 3 7 9 11 12 18 20 23 24 27 29 30 32 33 34 35 36 37 38 43 44 46 47 48 50 51 52 53 54 55 56 57 58 62 70 71 72 76 77 79 86 88 92 93 94 95 96 98 100 101 110 112 116 117 118 121 123 125 126 127 128 129 130 133 134 137 139 140 141 142 149 )
Time = 28.50 s

Number of cores: 240
Maximum number of workers used: 239
