Input file: ./Instances/rudy/rudy_150/ro_1.6/w01_150.1

Graph has 150 vertices and 1118 edges.
Parameters:
              sigma0 = 1.600000
          scaleSigma = 1.001000
        ADMM_itermax = 2000
                tol0 = 0.050000
            scaleTol = 0.600000
              minTol = 0.001000
          triag_iter = 3
           pent_iter = 3
           hept_iter = 3
      max_outer_iter = 12
          extra_iter = 5
    violated_TriIneq = 0.001000
             TriIneq = 1500
      adjust_TriIneq = 1
            PentIneq = 5000
           HeptaIneq = 5000
         Pent_Trials = 60
        Hepta_Trials = 50
        include_Pent = 1
       include_Hepta = 1
                root = 0
            use_diff = 1
   branchingStrategy = 1

Nodes = 1145
Root node bound = 1479.10
Maximum value = 1422
Solution = ( 3 9 15 17 18 20 21 22 24 27 30 31 32 35 37 38 42 43 45 46 47 48 53 55 58 61 62 63 65 66 68 73 78 79 81 83 87 88 91 94 96 101 102 103 104 106 109 110 111 112 114 115 116 120 121 124 126 127 128 129 131 134 135 136 137 140 145 149 )
Time = 32.09 s

Number of cores: 240
Maximum number of workers used: 239
